00    0  46.4
20    0  85.2
30    0 110.2
40    0 112.7
00    0  44.4
20    0  63.8
30    0  65.4
40    0  68.1
00    0 131.0
20    0 140.8
30    0 138.2
40    0 139.4
00    0  61.4
20    0  83.3
30    0 106.4
40    0 112.8
00    2  85.6
20    2 103.2
30    2 119.0
40    2 102.7
00    2  59.2
20    2  98.1
30    2 106.3
40    2 113.4
00    2  67.6
20    2  94.0
30    2 103.1
40    2 100.2
00    2  86.6
20    2 109.4
30    2 107.2
40    2 110.6
00    1  98.8
20    1 119.8
30    1 130.7
40    1 133.1
00    1 119.0
20    1 128.0
30    1 126.2
40    1 121.0
00    1 109.3
20    1 115.8
30    1 110.7
40    1 111.0
00    1 112.9
20    1 130.2
30    1 135.5
40    1 135.2