#affected not_affected race sex smoking employment dust
 3   37  1  1  2  1  3
 0   74  1  1  2  1  2
 2  258  1  1  2  1  1
25  139  2  1  2  1  3
 0   88  2  1  2  1  2
 3  242  2  1  2  1  1
 0    5  1  2  2  1  3
 1   93  1  2  2  1  2
 3  180  1  2  2  1  1
 2   22  2  2  2  1  3
 2  145  2  2  2  1  2
 3  260  2  2  2  1  1
 0   16  1  1  1  1  3
 0   35  1  1  1  1  2
 0  134  1  1  1  1  1
 6   75  2  1  1  1  3
 1   47  2  1  1  1  2
 1  122  2  1  1  1  1
 0    4  1  2  1  1  3
 1   54  1  2  1  1  2
 2  169  1  2  1  1  1
 1   24  2  2  1  1  3
 3  142  2  2  1  1  2
 4  301  2  2  1  1  1
 8   21  1  1  2  2  3
 1   50  1  1  2  2  2
 1  187  1  1  2  2  1
 8   30  2  1  2  2  3
 0    5  2  1  2  2  2
 0   33  2  1  2  2  1
 0    0  1  2  2  2  3
 1   33  1  2  2  2  2
 2   94  1  2  2  2  1
 0    0  2  2  2  2  3
 0    4  2  2  2  2  2
 0    3  2  2  2  2  1
 2    8  1  1  1  2  3
 1   16  1  1  1  2  2
 0   58  1  1  1  2  1
 1    9  2  1  1  2  3
 0    0  2  1  1  2  2
 0    7  2  1  1  2  1
 0    0  1  2  1  2  3
 0   30  1  2  1  2  2
 1   90  1  2  1  2  1
 0    0  2  2  1  2  3
 0    4  2  2  1  2  2
 0    4  2  2  1  2  1
31   77  1  1  2  3  3
 1  141  1  1  2  3  2
12  495  1  1  2  3  1
10   31  2  1  2  3  3
 0    1  2  1  2  3  2
 0   45  2  1  2  3  1
 0    1  1  2  2  3  3
 3   91  1  2  2  3  2
 3  176  1  2  2  3  1
 0    1  2  2  2  3  3
 0    0  2  2  2  3  2
 0    2  2  2  2  3  1
 5   47  1  1  1  3  3
 0   39  1  1  1  3  2
 3  182  1  1  1  3  1
 3   15  2  1  1  3  3
 0    1  2  1  1  3  2
 0   23  2  1  1  3  1
 0    2  1  2  1  3  3
 3  187  1  2  1  3  2
 2  340  1  2  1  3  1
 0    0  2  2  1  3  3
 0    2  2  2  1  3  2
 0    3  2  2  1  3  1