1 6 6 3 1 4 6 8 8 20 10 7 16 9 4
3 2 3 4 0 5 7 6 6 7 5 7 6 8 5
3 2 3 3 3 2 9 9 6 3 5 4 5 2 1
1 1 4 3 4 3 2 3 8 9 4 3 4 1 1
1 3 2 3 3 4 5 7 6 7 3 4 0 0 1
3 2 4 5 3 6 4 3 2 2 5 1 0 0 0
2 0 2 4 5 4 2 3 3 0 1 2 0 0 1
4 1 1 4 7 3 3 1 2 0 1 1 0 0 0
1 0 0 2 2 2 1 2 0 0 0 1 2 0 0
1 1 0 2 2 2 0 0 0 0 1 0 0 0 0
1 0 0 0 1 1 0 0 0 0 1 1 0 0 0
0 1 0 1 1 0 0 0 0 0 0 0 0 0 0
0 0 3 1 1 0 0 0 0 0 0 0 0 0 0
0 3 1 1 0 0 0 0 0 0 0 0 0 0 0
0 0 1 1 1 0 0 0 0 0 0 0 0 0 0
0 1 0 0 0 0 0 0 0 0 0 0 0 0 0
0 1 0 0 0 0 0 0 0 0 0 0 0 0 0
0 1 0 0 0 0 0 0 0 0 0 0 0 0 0